        Введение в OpenMP.
        Введение в MPI.
             (20)

Вариант 7377
MPI1Proc  Вспомогательные процедуры MPI: 
     3[1], 8[1]
MPI2Send  Пересылки данных: 
     2[1], 7[1], 9[1], 13[1], 15[1]
MPI3Coll  Коллективные операции: 
     2[1], 7[1], 9[1], 11[1], 15[1], 18[2]
MPI4Type  Пользовательские типы данных: 
     2[1], 6[1], 7[1], 11[1], 12[1], 15[2]
MPI5Comm  Коммуникаторы: 
     2[1], 4[1], 6[1], 8[2], 10[2], 14[1], 18[1], 22[1]
OMPBegin  Введение в OpenMP: 
     4[2], 8[2], 12[2], 15[2], 18[1], 23[1]
